start=5435.730300
volume=122.000000
sub-visibility=no
